75403
26540
10657
61781
63277
46157
40949
93650
50261
58390
83025
56237
28469
31850
28390
21929
12034
68410
75320
46100
48510
98711
87540
69270
24680
37991
61781
12034
30319
63277
22570
14620
26540
45893
63683
87977
28390
61781
28469
68420
83640
61781
22570
61781
37590
87540
50261
63277
21929
54322
25919
35125
10007
10010
10037
10042
10061
10070
10069
10086
10091
10098
10099
10114
10111
10134
10139
10144
10151
10162
10163
10180
10177
10202
10193
10222
10211
10246
10243
10254
10259
10270
10273
10290
10289
10314
10301
10338
10331
10350
10357
10370
10369
10394
10391
10426
10433
10450
10459
10466
10471
10480
10499
10502
10519
10523
10554
10559
10570
10583
10589
10598
10607
10618
10631
10642
10651
10660
10671
10678
10687
10692
10709
10714
10739
10744
10777
10774
10811
10822
10837
10846
10853
10870
10859
10894
10903
10906
10921
10930
10939
10954
10963
10974
10987
10990
11011
11014
11053
11062